1 3573 3369 4217 1027
2 5695 5946 7527 4428
3 8406 10400 15541 19788
4 12218 15134 20255 90937
5 13116 16539 21557 328947
6 5224 6823 9023 524209
7 5933 6008 8587 2019751
8 6556 7384 10452 10855040
9 9386 10465 13991 16427677
10 7414 9691 13651 0
11 8367 11409 16271 0
12 9507 13061 18987 0
13 11093 15299 22395 0
14 12739 17634 25552 0
15 14641 19822 30519 0
16 16217 22364 32754 0
17 17573 25038 36797 0
18 19813 28145 41060 0
19 21937 31423 48032 0
20 23664 34074 49931 0
30 50465 75042 110537 0
40 87222 129648 194270 0
50 135632 199665 299714 0
60 190020 287127 429551 0
70 266561 394074 588760 0
80 333015 507182 762149 0
90 442685 669436 1026573 0
100 520750 793650 1214233 0
